1
Ash
1
1
Cynthia
2
1
Hilda
3
1
Professor_Juniper
2
2
1
3
1
2
1
1
1
1
2
1
3
1
4
1
67
1
118
1
21
1
88
1
134
1
72
1
127
1
105
1
47
1
120
1
50
1
98
1
94
1
75
1
145
1
10
1
137
1
40
1
135
1
115
1
87
1
76
1
150
1
20
1
114
1
136
1
147
1
124
1
130
1
112
1
55
1
54
1
62
1
32
1
74
1
96
1
107
1
7
1
48
1
30
1
93
1
59
1
90
1
23
1
1
1
79
1
8
1
29
1
97
1
37
1
53
1
117
1
143
1
15
1
3
1
26
1
42
1
148
1
73
1
25
1
31
1
33
1
95
1
146
1
19
1
149
1
2
1
141
1
102
1
38
1
71
1
80
1
65
1
5
1
113
1
18
1
119
1
24
1
66
1
123
1
27
1
68
1
84
1
91
1
83
1
11
1
104
1
58
1
4
1
22
1
17
1
9
1
69
1
52
1
35
1
106
1
77
1
56
1
138
1
131
1
81
1
36
1
16
1
14
1
44
1
61
1
122
1
34
1
70
1
78
1
39
1
99
1
133
1
101
1
28
1
129
1
45
1
89
1
13
1
128
1
125
1
108
1
126
1
43
1
111
1
109
1
100
1
51
1
144
1
41
1
110
1
86
1
92
1
142
1
103
1
140
1
6
1
12
1
139
1
132
1
49
1
63
1
46
1
121
1
60
1
64
1
57
1
116
1
85
1
151
4
114
48
4
135
81
4
68
152
2
1
2
2
2
3
2
4
2
5
2
6
6
2
3
1
1
1
1
5
1
2
1
5
2
2
1
5
3
2
1
1
2
1
2
5
2
2
1
2
1
6
2
4
3
4
2
1
2
2
2
3
2
4
2
5
6
2
2
1
35
1
109
1
39
1
113
4
150
113
6
1
Professor_Oak
1
6
f
20
5
6
F
20
6
f
20
6
b
3
6
B
5
4
Professor_Juniper
Professor_Oak
2
1
6
5
2
4
2
1
6
4
Hilda
Professor_Juniper
5
6
f
20
3
1
4
Cynthia
Hilda
6
f
3
5
6
F
3
7
